            L188015_WT1 L188016_WT2 L188017_WT3 L188018_WT4 L188019_WT5 L188020_WT6 L188021_WT7 L188022_KO1 L188023_KO2 L188024_KO3 L188025_KO4 L188026_KO5
L188015_WT1   1.0000000   0.6854335   0.6994567   0.7150276   0.6753246   0.6796599   0.6788292   0.6876571   0.6984696   0.6976603 0.7136572   0.6927190
L188016_WT2   0.6854335   1.0000000   0.7093231   0.7241186   0.6856188   0.6897794   0.6881741   0.6971729   0.7073687   0.7065074 0.7231623   0.7020491
L188017_WT3   0.6994567   0.7093231   1.0000000   0.7396320   0.6975309   0.7027262   0.7004244   0.7109860   0.7217211   0.7206534 0.7368136   0.7150923
L188018_WT4   0.7150276   0.7241186   0.7396320   1.0000000   0.7126685   0.7177482   0.7163060   0.7263883   0.7379021   0.7370965 0.7537702   0.7316167
L188019_WT5   0.6753246   0.6856188   0.6975309   0.7126685   1.0000000   0.6892069   0.6941837   0.6933321   0.7004187   0.7009054 0.7236386   0.7040788
L188020_WT6   0.6796599   0.6897794   0.7027262   0.7177482   0.6892069   1.0000000   0.6906021   0.6945192   0.7033626   0.7031481 0.7225952   0.7025738
L188021_WT7   0.6788292   0.6881741   0.7004244   0.7163060   0.6941837   0.6906021   1.0000000   0.6951948   0.7036077   0.7039273 0.7254511   0.7057792
L188022_KO1   0.6876571   0.6971729   0.7109860   0.7263883   0.6933321   0.6945192   0.6951948   1.0000000   0.7115259   0.7111826 0.7297035   0.7084849
L188023_KO2   0.6984696   0.7073687   0.7217211   0.7379021   0.7004187   0.7033626   0.7036077   0.7115259   1.0000000   0.7214541 0.7394550   0.7175980
L188024_KO3   0.6976603   0.7065074   0.7206534   0.7370965   0.7009054   0.7031481   0.7039273   0.7111826   0.7214541   1.0000000 0.7393581   0.7177820
L188025_KO4   0.7136572   0.7231623   0.7368136   0.7537702   0.7236386   0.7225952   0.7254511   0.7297035   0.7394550   0.7393581 1.0000000   0.7384762
L188026_KO5   0.6927190   0.7020491   0.7150923   0.7316167   0.7040788   0.7025738   0.7057792   0.7084849   0.7175980   0.7177820 0.7384762   1.0000000